#image
circle
250 440 0 30
bezier
175 387 181 404 195 398 205 393
hermite
217 303 175 387 20 137 -11 5
bezier
217 303 192 307 167 274 221 277
hermite
221 277 184 164 64 79 -24 53
bezier
184 164 182 163 165 160 178 150
bezier
178 150 177 143 141 122 170 86
bezier
170 86 168 84 161 80 162 69
line
162 69 0 332 69 0
bezier
332 69 334 79 329 83 324 84
bezier
324 84 341 105 338 125 319 149
bezier
319 149 330 155 323 163 314 163
bezier
314 163 285 212 280 238 276 276
bezier
276 276 323 271 311 305 280 303
bezier
276 276 323 271 311 305 280 303
bezier
280 303 278 338 301 366 324 382
bezier
324 382 317 400 310 401 292 393
bezier
292 393 276 390 265 403 268 400
bezier
268 400 260 393 248 386 230 400
bezier
230 400 225 396 219 390 205 393
display
save
img.png
